768
0
768
32
736
32
736
64
704
64
704
96
672
96
672
128
640
128
640
160
608
160
608
192
576
192
544
192
544
160
512
160
512
128
480
128
448
128
416
128
416
96
384
96
352
96
320
96
288
96
288
96
256
96
256
128
224
128
192
128
192
160
160
160
160
192
128
192
128
224
96
224
96
256
96
288
96
320
96
352
96
384
96
416
96
448
128
448
128
480
128
512
128
544
96
544
96
576
64
576
64
608
32
608
32
640
32
672
64
672
96
672
128
672
128
640
160
640
192
640
192
608
224
608
256
608
256
576
288
576
320
576
352
576
384
576
384
544
416
544
448
544
480
544
480
512
512
512
544
512
544
480
576
480
576
448
608
448
608
416
608
384
608
352
608
320
576
320
544
320
544
288
512
288
512
256
480
256
480
224
448
224
416
224
416
192
384
192
352
192
320
192
288
192
256
192
256
224
224
224
224
256
192
256
192
288
160
288
160
320
160
352
192
352
192
384
192
416
224
416
224
448
256
448
288
448
288
480
320
480
352
480
384
480
416
480
416
448
448
448
448
416
480
416
480
384
480
352
448
352
448
320
416
320
416
288
384
288
352
288
320
288
288
288
288
320
288
352
288
384
320
384
352
384
352
352
